4707
4749
4696
4777
5456
4873
5444
5450
4654
4786
5025
4672
4762
4956
4770
4984
5122
4624
4698
4928
4957
4663
6280
4910
4983
4624
5064
4783
5461
5480
5461
4646
4661
5041
4717
5059
4700
4981
4659
4789
4609
5063
5153
4698
4625
4888
4716
6277
4895
5442
4906
4667
4896
4879
4663
4740
4740
4864
4653
4698
4751
4624
4957
4750
5059
6279
4753
4802
4790
5457
5141
6279
5044
24586
4713
5155
4650
4729
4624
4765
4747
4728
5466
4729
24593
4985
4912
6277
4777
4693
5030
4780
4660
4624
4877
4767
5047
4704
5477
4621
4964
5441
4608
4933
4788
4624
5058
4802
4950
5048
4762
5058
4775
4671
5889
5138
4750
4615
5061
4662
4867
4764
4665
4935
4877
4624
4716
4778
5464
4759
5025
5067
4624
4876
4963
4766
4724
4624
5037
24594
6273
4882
4624
4670
5139
5062
4615
5158
4978
4779
4905
4727
5069
4615
4874
4723
5484
4762
4656
4887
4658
4704
4891
5124
4865
4951
5034
4712
4719
5467
4624
5028
5034
4882
4699
4977
4660
4670
4691
5024
5157
5442
5443
4953
5450
1102
4715
4743
5456
4880
4794
5038
5471
4785
4624
4624
4772
4658
5126
5047
4648
4764
5048
4892
6276
5156
4770
4713
5448
4752
5156
4746
4756
4733
4672
4934
5473
4663
4979
4722
4937
4668
4734
5065
24594
5032
5712
4608
5058
4690
4733
4784
4714
4774
4621
4660
4946
4746
4624
6276
4706
4698
4611
4672
5122
4745
4624
4868
4771
4616
4787
4664
5064
5028
5444
4624
4772
4793
4649
4929
5376
4624
5158
5056
4929
4944
4711
4624
4758
5155
4962
4775
4957
5463
5057
5024
4949
5137
6278
4624
5633
5453
5472
4725
4675
5480
4742
5468
4624
4892
4727
5483
4720
4816
4931
4612
4769
4717
5158
4764
4786
5472
4766
5030
5154
4625
4624
4976
4710
4673
4692
4694
4935
4652
24592
4745
4709
5060
4870
4706
6280
4624
4624
4910
4793
4984
4753
4982
5040
5485
4728
5123
4624
5159
4948
4738
5039
5152
5484
4960
4872
4634
4782
4950
4727
4624
4757
5024
4732
5043
4905
6145
4744
24593
5446
5029
4726
4652
4906
5141
5031
6145
5459
5065
5452
4666
5067
4884
4785
5136
5060
5449
4866
4787
4741
4788
4781
4883
5061
4616
4612
4653
4616
4965
4931
4951
5453
24592
4754
4870
4754
5378
4898
5474
5440
4793
4869
4624
5120
4662
4778
4932
5140
4956
4947
4878
4624
4780
4744
4651
4888
4624
4935
4730
6279
5479
5070
4738
5067
5039
4618
4902
5477
4709
5447
4648
4674
4659
4952
5127
5159
4789
4977
6275
4696
4875
4634
4624
5138
4876
4655
4737
5152
4624
4954
4739
4671
4624
5155
4704
5070
5123
4718
5069
4864
5452
4908
4611
5127
4657
4748
5029
4741
4701
4869
4768
4787
4954
4624
4962
4909
4770
4695
5123
4748
4759
5156
4624
4954
5483
4931
4867
5376
24586
4984
4714
5136
4890
5125
4724
4879
4794
4897
4731
5460
4961
4711
5066
4751
4964
4776
5051
4722
4801
5633
4790
4874
4757
4981
4928
4760
4710
4886
5141
4714
5485
4733
5465
5062
4884
4674
4670
4898
4783
4624
5460
4715
4745
4893
4624
4768
4748
5479
4735
5452
5063
4936
5152
5061
4905
4726
4730
5028
5044
5121
5042
4771
5039
5477
4890
4779
5027
5447
4656
4741
4928
5441
4904
5125
4948
4880
4774
4776
4947
4803
4881
4794
5633
4895
4894
4707
4692
4887
5031
4953
4980
5046
4624
4744
4743
5037
4879
5465
4803
5453
5045
4717
6275
5451
4614
4816
4982
4649
4624
5461
5377
4889
24594
5050
5448
4933
5377
4782
5121
4699
5065
4932
5038
4889
4690
5157
4786
5473
4739
5068
5034
5038
4654
4865
6277
4983
4761
5040
5474
4742
4779
4624
5056
4624
4624
4661
4723
4883
4697
4871
4749
4893
5471
4701
4705
6273
4752
4888
5458
4958
4883
4772
4800
5051
5451
5632
4896
5066
5440
4886
5479
4912
5040
4784
4964
4624
4960
4985
4698
4666
5462
4618
4711
4864
4906
4688
5467
4624
5632
4952
4624
4751
5032
4622
4894
4689
5124
5712
4816
4884
4624
4646
4875
4885
5468
4765
4783
4761
4965
5137
4893
4934
4657
4936
4930
5068
4734
4755
4945
4979
4712
4624
5041
5457
5448
6276
5068
4960
4624
4705
4944
4785
4764
4781
4890
4666
6280
4872
4702
5062
5888
4690
4907
5048
4749
5443
4716
5120
4897
4908
4904
4790
4891
4742
4865
5035
5033
4624
4658
4624
4800
4961
4657
5138
4754
5153
4624
6274
4614
4647
4610
5042